2383	# 0
2480
2418
2444
2384
2478
2443
2402
2450
2432	
2418	# 10
2325
2423
2397
2315
2428
2424
2362
2419
2419	
2400	# 20
2343
2424
2423
2429
2326
2362
2450
2391
2478	
2399	# 30
2479
2427
2432
2402
2427
2431
2428
2422	
2441
2424	# 40
2392
2421
2390
2437
2470
2435	
2451
2424
2441
2392	# 50
2441
2472
2435
2395
2315	
2431	
2422
2383
2448
2430	# 60
2437		
2343
2451	
2395	
2428
2383
2441
2477
2510
2432	# 70
2429	
2429
2464
2620
2476
2416
2620
2489	
2472	
2461	# 80
2584
2470
2461
2427
2422
2509
2515
2396	
2515	
2489	# 90
2437
2416
2437
2427
2448	
2453	
2464	
2462	
2524	
2524	# 100
2396
2463
2408
2399
2488
2377 	
2488	
2453	
2302
2393	# 110
2347
2464
2314
2346	
2341	
2344
2371	
2356	
2399
2333	# 120
2399
2376
2503
2378
2364
2456
2411	
2346	
2371
2464	# 130
2344	
2328
2438	
2600	
2541	
2379	
2426
2415
2380
2503	# 140
2376
2415
2541
2381	
2492	
2415
2369
2408
2368
2419	# 150	
2399	
2381
2350	
2346	
2426
2332 	
2377	
2368
2302
2346	# 160
2399
2314	
2340	
2488
2400
2350
2394
2379
2399
2369	# 170
2375
2394	
2376	
2356
2399
2491
2437
2393
2599
2312	# 180
2328
2323	
2381	
2351	
2368	
2375	
2351		
2418			
2317	
2368	# 190
2462
2381
2303
2327
2393
2265	
2355
2393
2367
2403	# 200
2355
2392
2403
2341
2376 	 
2462
2393
2407
2396	
2396	# 210
2313
2391
2321
2341	
2368
2384
2303
2437
2327
2407	# 220
2371
2419	
2383
2337	
2410
2398
2390
2410
2457
2399	# 230
2365	
2390
2489
2386
2384
2519
2432
2337
2391	
2391	# 240
2329
2350
2408
2384
2391
2408
2379
2430
2398
2337	# 250
2407
2350
2432
2475
2518
2248
2329
2392
2408	